camera_matrix:
- - 603.5821672264856
  - 0.0
  - 300.31242605431
- - 0.0
  - 606.0170273805164
  - 268.6995984719071
- - 0.0
  - 0.0
  - 1.0
dist_coeff:
- - 0.06731941661943089
  - 0.42322469235423954
  - -0.007358739090874037
  - -0.013631128608119486
  - -1.618177016911663
